1559261
1552064
1537288
1442030
1465148
1344500
1530532
1468287
1144143
1559614
1543335
1401171
1206215
1544342
1530456
1556580
1569453
1492699
1396495
1481500
1435651
1890762
1246750
1538040
761522
61202
4242
723359
1173749
1079805
1870094
25567
805431
261425
1598831
77932
879335
49283
1808346
1314277
73594
1348566
1551324
34276
1751682
1937914
1601038
1483521
537125
1307936
1219578
48843
1819779
1839762
964535
1802678
964542
1856693
196697
814951
1833919
1379393
1338560
1657992
1910199
1229711
761524
1350717
913245
1683936
1733640
458883
1249933
617342
1272521
1474051
886274
1721215
141082
